2.510000000000000009e-01 8.599999999999999312e-02 3.099999999999999978e-02 3.000000000000000062e-03 2.000000000000000042e-03 2.000000000000000042e-03 0.000000000000000000e+00 1.000000000000000021e-03 0.000000000000000000e+00 0.000000000000000000e+00 0.000000000000000000e+00 0.000000000000000000e+00 0.000000000000000000e+00 0.000000000000000000e+00
2.600000000000000089e-01 1.039999999999999952e-01 3.599999999999999728e-02 8.999999999999999320e-03 2.000000000000000042e-03 0.000000000000000000e+00 0.000000000000000000e+00 0.000000000000000000e+00 0.000000000000000000e+00 0.000000000000000000e+00 0.000000000000000000e+00 0.000000000000000000e+00 0.000000000000000000e+00 0.000000000000000000e+00
2.800000000000000266e-01 1.250000000000000000e-01 4.200000000000000261e-02 8.999999999999999320e-03 6.000000000000000125e-03 2.000000000000000042e-03 0.000000000000000000e+00 1.000000000000000021e-03 0.000000000000000000e+00 0.000000000000000000e+00 0.000000000000000000e+00 0.000000000000000000e+00 0.000000000000000000e+00 0.000000000000000000e+00
3.109999999999999987e-01 1.519999999999999962e-01 5.600000000000000117e-02 2.100000000000000130e-02 1.000000000000000021e-02 3.000000000000000062e-03 0.000000000000000000e+00 1.000000000000000021e-03 0.000000000000000000e+00 0.000000000000000000e+00 0.000000000000000000e+00 0.000000000000000000e+00 0.000000000000000000e+00 0.000000000000000000e+00
3.519999999999999796e-01 1.630000000000000060e-01 6.500000000000000222e-02 2.500000000000000139e-02 8.999999999999999320e-03 6.000000000000000125e-03 4.000000000000000083e-03 0.000000000000000000e+00 0.000000000000000000e+00 0.000000000000000000e+00 0.000000000000000000e+00 0.000000000000000000e+00 0.000000000000000000e+00 0.000000000000000000e+00
3.619999999999999885e-01 1.940000000000000058e-01 8.899999999999999578e-02 3.300000000000000155e-02 1.600000000000000033e-02 6.000000000000000125e-03 1.000000000000000021e-03 0.000000000000000000e+00 4.000000000000000083e-03 0.000000000000000000e+00 0.000000000000000000e+00 0.000000000000000000e+00 0.000000000000000000e+00 0.000000000000000000e+00
3.910000000000000142e-01 2.590000000000000080e-01 1.170000000000000068e-01 6.099999999999999867e-02 3.099999999999999978e-02 1.099999999999999936e-02 8.999999999999999320e-03 3.000000000000000062e-03 0.000000000000000000e+00 0.000000000000000000e+00 0.000000000000000000e+00 2.000000000000000042e-03 0.000000000000000000e+00 1.000000000000000021e-03
4.339999999999999969e-01 2.810000000000000275e-01 1.739999999999999880e-01 6.900000000000000577e-02 4.599999999999999922e-02 2.100000000000000130e-02 8.999999999999999320e-03 4.000000000000000083e-03 6.000000000000000125e-03 1.000000000000000021e-03 1.000000000000000021e-03 1.000000000000000021e-03 0.000000000000000000e+00 0.000000000000000000e+00
4.390000000000000013e-01 3.290000000000000147e-01 1.930000000000000049e-01 1.250000000000000000e-01 5.899999999999999689e-02 4.000000000000000083e-02 2.299999999999999961e-02 8.000000000000000167e-03 1.000000000000000021e-03 2.000000000000000042e-03 1.000000000000000021e-03 1.000000000000000021e-03 2.000000000000000042e-03 0.000000000000000000e+00
4.929999999999999938e-01 3.910000000000000142e-01 2.640000000000000124e-01 1.779999999999999916e-01 1.120000000000000023e-01 6.600000000000000311e-02 3.899999999999999994e-02 3.300000000000000155e-02 8.000000000000000167e-03 7.000000000000000146e-03 3.000000000000000062e-03 4.000000000000000083e-03 0.000000000000000000e+00 2.000000000000000042e-03
5.679999999999999494e-01 4.680000000000000271e-01 3.790000000000000036e-01 2.550000000000000044e-01 1.789999999999999925e-01 1.100000000000000006e-01 8.100000000000000255e-02 5.299999999999999850e-02 2.299999999999999961e-02 1.499999999999999944e-02 6.000000000000000125e-03 7.000000000000000146e-03 4.000000000000000083e-03 3.000000000000000062e-03
5.679999999999999494e-01 5.570000000000000506e-01 4.660000000000000253e-01 3.790000000000000036e-01 2.670000000000000151e-01 2.200000000000000011e-01 1.419999999999999873e-01 1.019999999999999934e-01 7.699999999999999900e-02 4.499999999999999833e-02 3.099999999999999978e-02 1.899999999999999953e-02 1.700000000000000122e-02 7.000000000000000146e-03
6.310000000000000053e-01 6.049999999999999822e-01 5.779999999999999583e-01 5.240000000000000213e-01 4.460000000000000075e-01 3.850000000000000089e-01 2.999999999999999889e-01 2.290000000000000091e-01 1.960000000000000075e-01 1.700000000000000122e-01 1.110000000000000014e-01 8.100000000000000255e-02 6.199999999999999956e-02 4.599999999999999922e-02
6.440000000000000169e-01 6.929999999999999494e-01 6.560000000000000275e-01 6.490000000000000213e-01 6.149999999999999911e-01 5.590000000000000524e-01 5.580000000000000515e-01 4.909999999999999920e-01 4.719999999999999751e-01 3.860000000000000098e-01 3.420000000000000262e-01 3.170000000000000040e-01 2.560000000000000053e-01 2.020000000000000129e-01
7.189999999999999725e-01 7.820000000000000284e-01 7.900000000000000355e-01 7.880000000000000338e-01 7.940000000000000391e-01 7.940000000000000391e-01 7.800000000000000266e-01 7.720000000000000195e-01 7.720000000000000195e-01 7.209999999999999742e-01 7.760000000000000231e-01 7.199999999999999734e-01 6.949999999999999512e-01 6.750000000000000444e-01
