5.679999999999999494e-01 2.489999999999999991e-01 9.400000000000000022e-02 2.800000000000000058e-02 8.000000000000000167e-03 6.000000000000000125e-03 3.000000000000000062e-03 0.000000000000000000e+00 0.000000000000000000e+00 0.000000000000000000e+00 0.000000000000000000e+00 0.000000000000000000e+00 0.000000000000000000e+00 0.000000000000000000e+00
5.929999999999999716e-01 2.600000000000000089e-01 1.260000000000000009e-01 4.900000000000000189e-02 2.100000000000000130e-02 4.000000000000000083e-03 5.000000000000000104e-03 0.000000000000000000e+00 0.000000000000000000e+00 0.000000000000000000e+00 0.000000000000000000e+00 0.000000000000000000e+00 0.000000000000000000e+00 0.000000000000000000e+00
6.029999999999999805e-01 3.200000000000000067e-01 1.549999999999999989e-01 6.099999999999999867e-02 3.200000000000000067e-02 1.000000000000000021e-02 8.999999999999999320e-03 1.000000000000000021e-03 2.000000000000000042e-03 1.000000000000000021e-03 0.000000000000000000e+00 0.000000000000000000e+00 0.000000000000000000e+00 0.000000000000000000e+00
6.650000000000000355e-01 3.699999999999999956e-01 1.660000000000000087e-01 9.800000000000000377e-02 4.299999999999999656e-02 1.600000000000000033e-02 1.299999999999999940e-02 3.000000000000000062e-03 2.000000000000000042e-03 0.000000000000000000e+00 0.000000000000000000e+00 0.000000000000000000e+00 0.000000000000000000e+00 0.000000000000000000e+00
7.159999999999999698e-01 4.520000000000000129e-01 2.530000000000000027e-01 1.089999999999999997e-01 6.500000000000000222e-02 2.999999999999999889e-02 1.400000000000000029e-02 5.000000000000000104e-03 7.000000000000000146e-03 1.000000000000000021e-03 1.000000000000000021e-03 0.000000000000000000e+00 0.000000000000000000e+00 0.000000000000000000e+00
7.199999999999999734e-01 4.709999999999999742e-01 2.780000000000000249e-01 1.539999999999999980e-01 8.000000000000000167e-02 2.999999999999999889e-02 2.599999999999999881e-02 8.000000000000000167e-03 7.000000000000000146e-03 1.000000000000000021e-03 3.000000000000000062e-03 0.000000000000000000e+00 0.000000000000000000e+00 0.000000000000000000e+00
7.730000000000000204e-01 5.480000000000000426e-01 3.559999999999999831e-01 2.020000000000000129e-01 1.170000000000000068e-01 5.800000000000000294e-02 4.200000000000000261e-02 1.600000000000000033e-02 8.999999999999999320e-03 2.000000000000000042e-03 3.000000000000000062e-03 2.000000000000000042e-03 0.000000000000000000e+00 3.000000000000000062e-03
8.040000000000000480e-01 5.989999999999999769e-01 4.209999999999999853e-01 3.109999999999999987e-01 1.769999999999999907e-01 1.039999999999999952e-01 6.800000000000000488e-02 2.900000000000000147e-02 1.499999999999999944e-02 7.000000000000000146e-03 3.000000000000000062e-03 4.000000000000000083e-03 4.000000000000000083e-03 0.000000000000000000e+00
8.409999999999999698e-01 6.700000000000000400e-01 5.040000000000000036e-01 3.689999999999999947e-01 2.340000000000000135e-01 1.320000000000000062e-01 7.599999999999999811e-02 5.399999999999999939e-02 4.200000000000000261e-02 2.699999999999999969e-02 1.400000000000000029e-02 1.600000000000000033e-02 8.000000000000000167e-03 4.000000000000000083e-03
8.699999999999999956e-01 7.239999999999999769e-01 6.139999999999999902e-01 4.709999999999999742e-01 3.210000000000000075e-01 2.310000000000000109e-01 1.600000000000000033e-01 9.700000000000000289e-02 6.199999999999999956e-02 4.700000000000000011e-02 2.599999999999999881e-02 1.799999999999999864e-02 1.899999999999999953e-02 1.099999999999999936e-02
9.050000000000000266e-01 8.060000000000000497e-01 6.899999999999999467e-01 5.679999999999999494e-01 4.450000000000000067e-01 3.509999999999999787e-01 2.620000000000000107e-01 1.809999999999999942e-01 1.370000000000000107e-01 7.299999999999999545e-02 6.700000000000000400e-02 5.199999999999999761e-02 3.799999999999999906e-02 1.600000000000000033e-02
9.389999999999999458e-01 8.689999999999999947e-01 7.530000000000000027e-01 6.929999999999999494e-01 5.989999999999999769e-01 5.020000000000000018e-01 4.020000000000000240e-01 3.629999999999999893e-01 2.540000000000000036e-01 1.970000000000000084e-01 1.459999999999999909e-01 1.189999999999999947e-01 8.500000000000000611e-02 5.700000000000000205e-02
9.629999999999999671e-01 9.170000000000000373e-01 8.689999999999999947e-01 8.139999999999999458e-01 7.670000000000000151e-01 6.939999999999999503e-01 6.119999999999999885e-01 5.570000000000000506e-01 4.540000000000000147e-01 3.960000000000000187e-01 3.270000000000000129e-01 2.750000000000000222e-01 2.479999999999999982e-01 1.749999999999999889e-01
9.859999999999999876e-01 9.629999999999999671e-01 9.320000000000000506e-01 9.070000000000000284e-01 8.679999999999999938e-01 8.549999999999999822e-01 8.169999999999999485e-01 7.820000000000000284e-01 7.329999999999999849e-01 6.770000000000000462e-01 6.009999999999999787e-01 5.769999999999999574e-01 5.060000000000000053e-01 4.709999999999999742e-01
9.929999999999999938e-01 9.899999999999999911e-01 9.809999999999999831e-01 9.729999999999999760e-01 9.569999999999999618e-01 9.579999999999999627e-01 9.469999999999999529e-01 9.290000000000000480e-01 9.360000000000000542e-01 9.250000000000000444e-01 9.180000000000000382e-01 8.960000000000000187e-01 8.840000000000000080e-01 8.579999999999999849e-01
